

30 cities

Sequential

Result:
83 72,154 126,170 54,194 11,336 13,354 59,451 102,443 155,419 185,385 164,356 118,228 120,220 218,202 283,185 378,198 391,114 446,188 482,285 480,326 469,297 390,223 337,171 343,39 308,17 323,27 245,29 168,17 138,27 49,11 10
29 -> 26 -> 10 -> 16 -> 1 -> 22 -> 8 -> 25 -> 24 -> 18 -> 12 -> 20 -> 13 -> 27 -> 15 -> 5 -> 21 -> 6 -> 4 -> 14 -> 2 -> 28 -> 23 -> 17 -> 9 -> 0 -> 3 -> 11 -> 19 -> 7 -> 29
2232.3
Job 18838 finished Thu Dec 10 20:50:12 EST 2015 time 74843 msec

*********************************************************************************************


Parallel

1 Worker

Result:
354 59,336 13,194 11,170 54,154 126,83 72,11 10,27 49,17 138,29 168,27 245,17 323,39 308,171 343,185 378,198 391,114 446,188 482,285 480,326 469,297 390,223 337,202 283,220 218,228 120,356 118,385 164,419 185,443 155,451 102
22 -> 1 -> 16 -> 10 -> 26 -> 29 -> 7 -> 19 -> 11 -> 3 -> 0 -> 9 -> 17 -> 23 -> 15 -> 5 -> 21 -> 6 -> 4 -> 14 -> 2 -> 28 -> 27 -> 13 -> 20 -> 12 -> 18 -> 24 -> 25 -> 8 -> 22
2179.1
Job 18846 finished Thu Dec 10 21:09:01 EST 2015 time 22759 msec

*********************************************************************************************

2 Workers

Result:
11 10,27 49,17 138,29 168,27 245,39 308,17 323,114 446,188 482,285 480,326 469,297 390,198 391,185 378,171 343,223 337,202 283,220 218,228 120,356 118,385 164,419 185,443 155,451 102,354 59,336 13,194 11,170 54,154 126,83 72
7 -> 19 -> 11 -> 3 -> 0 -> 17 -> 9 -> 21 -> 6 -> 4 -> 14 -> 2 -> 5 -> 15 -> 23 -> 28 -> 27 -> 13 -> 20 -> 12 -> 18 -> 24 -> 25 -> 8 -> 22 -> 1 -> 16 -> 10 -> 26 -> 29 -> 7
2144.6
Job 18847 finished Thu Dec 10 21:11:22 EST 2015 time 12636 msec

*********************************************************************************************

3 Workers

Result:
451 102,443 155,419 185,385 164,356 118,228 120,154 126,83 72,11 10,27 49,17 138,29 168,27 245,39 308,17 323,114 446,188 482,285 480,326 469,297 390,198 391,185 378,171 343,223 337,202 283,220 218,170 54,194 11,336 13,354 59
8 -> 25 -> 24 -> 18 -> 12 -> 20 -> 26 -> 29 -> 7 -> 19 -> 11 -> 3 -> 0 -> 17 -> 9 -> 21 -> 6 -> 4 -> 14 -> 2 -> 5 -> 15 -> 23 -> 28 -> 27 -> 13 -> 10 -> 16 -> 1 -> 22 -> 8
2218.2
Job 18849 finished Thu Dec 10 21:13:23 EST 2015 time 8975 msec

*********************************************************************************************

4 Workers

Result:
354 59,336 13,194 11,170 54,154 126,83 72,11 10,27 49,17 138,29 168,27 245,17 323,39 308,171 343,185 378,198 391,114 446,188 482,285 480,326 469,297 390,223 337,202 283,220 218,228 120,356 118,385 164,419 185,443 155,451 102
22 -> 1 -> 16 -> 10 -> 26 -> 29 -> 7 -> 19 -> 11 -> 3 -> 0 -> 9 -> 17 -> 23 -> 15 -> 5 -> 21 -> 6 -> 4 -> 14 -> 2 -> 28 -> 27 -> 13 -> 20 -> 12 -> 18 -> 24 -> 25 -> 8 -> 22
2179.1
Job 18850 finished Thu Dec 10 21:15:09 EST 2015 time 8069 msec
