

40 cities

Sequential

Result:
252 161,348 27,398 34,419 41,496 9,497 171,382 185,302 194,326 306,390 305,369 389,449 432,379 470,254 457,233 433,229 433,208 293,205 292,146 240,142 285,144 330,98 393,81 459,38 497,38 439,70 352,41 305,83 270,95 218,77 191,159 180,148 173,106 130,91 98,118 47,171 41,184 18,207 101,243 112,247 167
29 -> 24 -> 8 -> 26 -> 5 -> 31 -> 14 -> 7 -> 32 -> 6 -> 21 -> 18 -> 25 -> 11 -> 3 -> 39 -> 2 -> 17 -> 20 -> 19 -> 28 -> 27 -> 22 -> 36 -> 23 -> 33 -> 38 -> 30 -> 35 -> 12 -> 37 -> 15 -> 4 -> 13 -> 10 -> 0 -> 9 -> 34 -> 16 -> 1 -> 29
2655.3
Job 18840 finished Thu Dec 10 20:56:17 EST 2015 time 186061 msec

*********************************************************************************************

Parallel

1 Worker

Result:
144 330,142 285,146 240,205 292,208 293,229 433,233 433,254 457,379 470,449 432,369 389,390 305,326 306,348 27,398 34,419 41,496 9,497 171,382 185,302 194,247 167,252 161,243 112,207 101,184 18,171 41,118 47,91 98,106 130,148 173,159 180,77 191,95 218,83 270,41 305,70 352,38 439,38 497,81 459,98 393
28 -> 19 -> 20 -> 17 -> 2 -> 39 -> 3 -> 11 -> 25 -> 18 -> 21 -> 6 -> 32 -> 24 -> 8 -> 26 -> 5 -> 31 -> 14 -> 7 -> 1 -> 29 -> 16 -> 34 -> 9 -> 0 -> 10 -> 13 -> 4 -> 15 -> 37 -> 12 -> 35 -> 30 -> 38 -> 33 -> 23 -> 36 -> 22 -> 27 -> 28
2711.8
Job 18851 finished Thu Dec 10 21:17:38 EST 2015 time 52156 msec

*********************************************************************************************

2 Workers

Result:
106 130,91 98,118 47,171 41,184 18,207 101,243 112,252 161,247 167,302 194,348 27,398 34,419 41,496 9,497 171,382 185,390 305,326 306,369 389,449 432,379 470,254 457,233 433,229 433,81 459,38 497,38 439,98 393,70 352,41 305,83 270,142 285,144 330,208 293,205 292,146 240,95 218,77 191,159 180,148 173
4 -> 13 -> 10 -> 0 -> 9 -> 34 -> 16 -> 29 -> 1 -> 7 -> 24 -> 8 -> 26 -> 5 -> 31 -> 14 -> 6 -> 32 -> 21 -> 18 -> 25 -> 11 -> 3 -> 39 -> 22 -> 36 -> 23 -> 27 -> 33 -> 38 -> 30 -> 19 -> 28 -> 2 -> 17 -> 20 -> 35 -> 12 -> 37 -> 15 -> 4
2638.7
Job 18852 finished Thu Dec 10 21:21:59 EST 2015 time 28590 msec

*********************************************************************************************

3 Workers

Result:
184 18,348 27,398 34,419 41,496 9,497 171,382 185,302 194,247 167,252 161,243 112,207 101,148 173,159 180,146 240,142 285,144 330,205 292,208 293,326 306,390 305,369 389,449 432,379 470,254 457,233 433,229 433,81 459,38 497,38 439,98 393,70 352,41 305,83 270,95 218,77 191,106 130,91 98,118 47,171 41
9 -> 24 -> 8 -> 26 -> 5 -> 31 -> 14 -> 7 -> 1 -> 29 -> 16 -> 34 -> 15 -> 37 -> 20 -> 19 -> 28 -> 17 -> 2 -> 32 -> 6 -> 21 -> 18 -> 25 -> 11 -> 3 -> 39 -> 22 -> 36 -> 23 -> 27 -> 33 -> 38 -> 30 -> 35 -> 12 -> 4 -> 13 -> 10 -> 0 -> 9
2596.2
Job 18854 finished Thu Dec 10 21:32:02 EST 2015 time 21601 msec

*********************************************************************************************

4 Workers

Result:
254 457,233 433,229 433,208 293,205 292,142 285,144 330,98 393,81 459,38 497,38 439,70 352,41 305,83 270,146 240,95 218,77 191,148 173,159 180,106 130,91 98,118 47,171 41,184 18,207 101,243 112,348 27,398 34,419 41,496 9,497 171,382 185,302 194,252 161,247 167,326 306,390 305,369 389,449 432,379 470
11 -> 3 -> 39 -> 2 -> 17 -> 19 -> 28 -> 27 -> 22 -> 36 -> 23 -> 33 -> 38 -> 30 -> 20 -> 35 -> 12 -> 15 -> 37 -> 4 -> 13 -> 10 -> 0 -> 9 -> 34 -> 16 -> 24 -> 8 -> 26 -> 5 -> 31 -> 14 -> 7 -> 29 -> 1 -> 32 -> 6 -> 21 -> 18 -> 25 -> 11
2690.5
Job 18856 finished Thu Dec 10 21:42:25 EST 2015 time 15493 msec
