

50 cities

Sequential

Result:
300 252,431 163,375 114,437 80,352 22,319 66,290 100,186 9,8 33,12 89,21 182,87 262,84 270,92 303,106 259,107 203,159 139,202 182,258 186,268 262,252 282,260 376,273 414,211 406,189 335,194 326,113 353,5 432,12 451,85 438,96 437,149 483,200 444,245 486,253 484,306 496,323 477,379 465,415 370,443 336,445 315,450 249,489 268,492 274,496 358,462 325,359 302,343 268,326 269,295 285
39 -> 7 -> 16 -> 10 -> 43 -> 22 -> 27 -> 1 -> 20 -> 8 -> 13 -> 44 -> 32 -> 35 -> 40 -> 37 -> 14 -> 17 -> 3 -> 31 -> 5 -> 36 -> 9 -> 28 -> 29 -> 46 -> 42 -> 26 -> 38 -> 45 -> 6 -> 34 -> 12 -> 24 -> 25 -> 11 -> 48 -> 23 -> 33 -> 21 -> 0 -> 18 -> 19 -> 15 -> 49 -> 47 -> 2 -> 41 -> 30 -> 4 -> 39
3114.0
Job 18843 finished Thu Dec 10 21:08:52 EST 2015 time 389910 msec

*********************************************************************************************


Parallel

1 Worker

Result:
375 114,437 80,352 22,319 66,290 100,258 186,202 182,268 262,252 282,295 285,300 252,326 269,343 268,359 302,260 376,273 414,211 406,189 335,194 326,106 259,107 203,159 139,186 9,8 33,12 89,21 182,87 262,84 270,92 303,113 353,5 432,12 451,85 438,96 437,149 483,200 444,245 486,253 484,306 496,323 477,379 465,415 370,443 336,445 315,462 325,496 358,492 274,489 268,450 249,431 163
16 -> 10 -> 43 -> 22 -> 27 -> 3 -> 17 -> 31 -> 5 -> 4 -> 39 -> 30 -> 41 -> 2 -> 36 -> 9 -> 28 -> 29 -> 46 -> 40 -> 37 -> 14 -> 1 -> 20 -> 8 -> 13 -> 44 -> 32 -> 35 -> 42 -> 26 -> 38 -> 45 -> 6 -> 34 -> 12 -> 24 -> 25 -> 11 -> 48 -> 23 -> 33 -> 21 -> 0 -> 47 -> 49 -> 15 -> 19 -> 18 -> 7 -> 16
3046.1
Job 18857 finished Thu Dec 10 21:50:57 EST 2015 time 106726 msec

*********************************************************************************************

2 Workers

Result:
159 139,186 9,8 33,12 89,21 182,107 203,106 259,87 262,84 270,92 303,113 353,5 432,12 451,85 438,96 437,149 483,200 444,245 486,253 484,306 496,323 477,379 465,273 414,260 376,211 406,189 335,194 326,252 282,268 262,295 285,300 252,326 269,343 268,359 302,415 370,443 336,496 358,462 325,445 315,492 274,489 268,450 249,431 163,375 114,437 80,352 22,319 66,290 100,258 186,202 182
14 -> 1 -> 20 -> 8 -> 13 -> 37 -> 40 -> 44 -> 32 -> 35 -> 42 -> 26 -> 38 -> 45 -> 6 -> 34 -> 12 -> 24 -> 25 -> 11 -> 48 -> 23 -> 9 -> 36 -> 28 -> 29 -> 46 -> 5 -> 31 -> 4 -> 39 -> 30 -> 41 -> 2 -> 33 -> 21 -> 49 -> 47 -> 0 -> 15 -> 19 -> 18 -> 7 -> 16 -> 10 -> 43 -> 22 -> 27 -> 3 -> 17 -> 14
2869.4
Job 18858 finished Thu Dec 10 21:55:01 EST 2015 time 55653 msec

*********************************************************************************************

3 Workers

Result:
443 336,415 370,379 465,323 477,306 496,253 484,245 486,200 444,149 483,96 437,85 438,12 451,5 432,113 353,92 303,84 270,87 262,106 259,107 203,21 182,12 89,8 33,186 9,159 139,202 182,268 262,252 282,194 326,189 335,211 406,273 414,260 376,359 302,343 268,326 269,295 285,300 252,258 186,290 100,319 66,352 22,437 80,375 114,431 163,450 249,489 268,492 274,445 315,462 325,496 358
21 -> 33 -> 23 -> 48 -> 11 -> 25 -> 24 -> 12 -> 34 -> 6 -> 45 -> 38 -> 26 -> 42 -> 35 -> 32 -> 44 -> 40 -> 37 -> 13 -> 8 -> 20 -> 1 -> 14 -> 17 -> 31 -> 5 -> 46 -> 29 -> 28 -> 9 -> 36 -> 2 -> 41 -> 30 -> 4 -> 39 -> 3 -> 27 -> 22 -> 43 -> 10 -> 16 -> 7 -> 18 -> 19 -> 15 -> 0 -> 47 -> 49 -> 21
2988.1
Job 18859 finished Thu Dec 10 21:56:55 EST 2015 time 39504 msec

*********************************************************************************************

4 Workers

Result:
245 486,149 483,200 444,211 406,273 414,260 376,189 335,84 270,21 182,12 89,8 33,107 203,106 259,87 262,92 303,5 432,12 451,96 437,85 438,113 353,194 326,252 282,268 262,295 285,359 302,343 268,326 269,300 252,258 186,202 182,159 139,186 9,290 100,319 66,352 22,437 80,375 114,431 163,450 249,489 268,492 274,496 358,462 325,445 315,443 336,415 370,379 465,323 477,306 496,253 484
24 -> 34 -> 12 -> 28 -> 9 -> 36 -> 29 -> 32 -> 13 -> 8 -> 20 -> 37 -> 40 -> 44 -> 35 -> 26 -> 38 -> 6 -> 45 -> 42 -> 46 -> 5 -> 31 -> 4 -> 2 -> 41 -> 30 -> 39 -> 3 -> 17 -> 14 -> 1 -> 27 -> 22 -> 43 -> 10 -> 16 -> 7 -> 18 -> 19 -> 15 -> 49 -> 47 -> 0 -> 21 -> 33 -> 23 -> 48 -> 11 -> 25 -> 24
3227.0
Job 18860 finished Thu Dec 10 21:58:29 EST 2015 time 30071 msec
