

55 cities

Sequential

Result:
272 149,236 153,239 91,179 72,145 0,126 10,20 16,23 25,130 98,84 147,50 145,51 182,72 228,116 238,92 265,19 264,41 301,89 386,31 443,89 477,150 493,214 483,174 460,149 430,147 364,176 295,207 389,209 391,228 377,269 344,296 329,350 330,363 360,371 411,399 404,494 443,477 429,446 389,442 336,376 280,356 216,343 116,284 86,273 82,253 85,258 59,275 10,307 11,360 17,365 36,455 69,491 59,490 165,416 194,302 200
24 -> 20 -> 47 -> 18 -> 45 -> 54 -> 39 -> 44 -> 36 -> 49 -> 19 -> 15 -> 38 -> 27 -> 31 -> 10 -> 4 -> 17 -> 48 -> 8 -> 13 -> 22 -> 3 -> 35 -> 33 -> 42 -> 25 -> 37 -> 52 -> 43 -> 9 -> 12 -> 46 -> 14 -> 11 -> 2 -> 51 -> 0 -> 5 -> 23 -> 21 -> 29 -> 28 -> 53 -> 32 -> 16 -> 1 -> 40 -> 30 -> 6 -> 26 -> 34 -> 41 -> 7 -> 50 -> 24
3126.3
Job 18848 finished Thu Dec 10 21:21:53 EST 2015 time 597688 msec

*********************************************************************************************


Parallel

1 Worker

Result:
490 165,416 194,356 216,376 280,363 360,371 411,399 404,494 443,477 429,446 389,442 336,350 330,296 329,269 344,228 377,209 391,207 389,176 295,147 364,149 430,174 460,214 483,150 493,89 477,31 443,89 386,41 301,19 264,92 265,116 238,72 228,51 182,50 145,84 147,130 98,23 25,20 16,126 10,145 0,179 72,239 91,253 85,236 153,272 149,302 200,343 116,284 86,273 82,258 59,275 10,307 11,360 17,365 36,455 69,491 59
41 -> 7 -> 21 -> 23 -> 46 -> 14 -> 11 -> 2 -> 51 -> 0 -> 5 -> 12 -> 9 -> 43 -> 52 -> 37 -> 25 -> 42 -> 33 -> 35 -> 3 -> 22 -> 13 -> 8 -> 48 -> 17 -> 4 -> 10 -> 31 -> 27 -> 38 -> 15 -> 19 -> 49 -> 36 -> 44 -> 39 -> 54 -> 45 -> 18 -> 47 -> 32 -> 20 -> 24 -> 50 -> 29 -> 28 -> 53 -> 16 -> 1 -> 40 -> 30 -> 6 -> 26 -> 34 -> 41
3126.7
Job 18861 finished Thu Dec 10 22:03:19 EST 2015 time 173378 msec

*********************************************************************************************

2 Workers

Result:
89 386,31 443,89 477,150 493,214 483,174 460,149 430,207 389,209 391,228 377,269 344,296 329,350 330,363 360,371 411,399 404,494 443,477 429,446 389,442 336,376 280,302 200,272 149,236 153,130 98,84 147,51 182,50 145,23 25,20 16,126 10,145 0,179 72,239 91,253 85,258 59,275 10,307 11,273 82,284 86,343 116,365 36,360 17,455 69,491 59,490 165,416 194,356 216,176 295,92 265,41 301,19 264,72 228,116 238,147 364
17 -> 48 -> 8 -> 13 -> 22 -> 3 -> 35 -> 25 -> 37 -> 52 -> 43 -> 9 -> 12 -> 46 -> 14 -> 11 -> 2 -> 51 -> 0 -> 5 -> 23 -> 50 -> 24 -> 20 -> 36 -> 49 -> 15 -> 19 -> 44 -> 39 -> 54 -> 45 -> 18 -> 47 -> 32 -> 16 -> 1 -> 40 -> 53 -> 28 -> 29 -> 6 -> 30 -> 26 -> 34 -> 41 -> 7 -> 21 -> 42 -> 31 -> 4 -> 10 -> 38 -> 27 -> 33 -> 17
3375.7
Job 18862 finished Thu Dec 10 22:05:49 EST 2015 time 84938 msec

*********************************************************************************************

3 Workers

Result:
442 336,446 389,477 429,494 443,399 404,363 360,350 330,376 280,302 200,272 149,236 153,239 91,253 85,258 59,273 82,284 86,343 116,356 216,416 194,490 165,491 59,455 69,360 17,365 36,307 11,275 10,179 72,145 0,126 10,20 16,23 25,130 98,84 147,50 145,51 182,72 228,19 264,41 301,92 265,116 238,176 295,207 389,209 391,149 430,174 460,214 483,150 493,89 477,31 443,89 386,147 364,228 377,269 344,296 329,371 411
5 -> 0 -> 51 -> 2 -> 11 -> 46 -> 12 -> 23 -> 50 -> 24 -> 20 -> 47 -> 32 -> 16 -> 53 -> 28 -> 29 -> 21 -> 7 -> 41 -> 34 -> 26 -> 30 -> 6 -> 40 -> 1 -> 18 -> 45 -> 54 -> 39 -> 44 -> 36 -> 49 -> 19 -> 15 -> 38 -> 10 -> 4 -> 31 -> 27 -> 42 -> 25 -> 37 -> 35 -> 3 -> 22 -> 13 -> 8 -> 48 -> 17 -> 33 -> 52 -> 43 -> 9 -> 14 -> 5
3313.4
Job 18863 finished Thu Dec 10 22:07:57 EST 2015 time 60134 msec

*********************************************************************************************

4 Workers

Result:
491 59,490 165,416 194,356 216,302 200,272 149,236 153,239 91,258 59,275 10,307 11,360 17,365 36,284 86,273 82,253 85,179 72,130 98,145 0,126 10,20 16,23 25,50 145,84 147,51 182,72 228,116 238,92 265,176 295,296 329,269 344,228 377,209 391,149 430,174 460,150 493,89 477,31 443,89 386,19 264,41 301,147 364,207 389,214 483,371 411,399 404,442 336,446 389,477 429,494 443,363 360,350 330,376 280,343 116,455 69
34 -> 41 -> 7 -> 21 -> 50 -> 24 -> 20 -> 47 -> 16 -> 1 -> 40 -> 30 -> 6 -> 28 -> 53 -> 32 -> 18 -> 36 -> 45 -> 54 -> 39 -> 44 -> 19 -> 49 -> 15 -> 38 -> 27 -> 31 -> 42 -> 9 -> 43 -> 52 -> 37 -> 35 -> 3 -> 13 -> 8 -> 48 -> 17 -> 10 -> 4 -> 33 -> 25 -> 22 -> 14 -> 11 -> 5 -> 0 -> 51 -> 2 -> 46 -> 12 -> 23 -> 29 -> 26 -> 34
3616.6
Job 18864 finished Thu Dec 10 22:10:33 EST 2015 time 46051 msec
