

60 cities

Sequential

Result:
332 363,387 413,400 408,408 441,319 496,251 474,235 422,221 396,155 339,140 316,118 413,54 436,45 445,15 432,64 368,28 354,43 333,76 311,100 295,99 236,102 214,74 235,55 262,45 263,6 143,29 9,33 8,52 10,71 0,75 82,105 73,155 61,155 101,219 95,194 170,241 161,255 181,247 230,259 301,277 323,314 225,406 224,440 113,422 99,394 101,411 77,437 57,464 52,405 45,375 42,334 7,366 64,343 115,309 155,321 161,385 146,407 174,451 204,499 355,352 341
31 -> 13 -> 43 -> 37 -> 55 -> 1 -> 24 -> 0 -> 21 -> 36 -> 38 -> 7 -> 19 -> 47 -> 29 -> 34 -> 44 -> 57 -> 4 -> 48 -> 17 -> 15 -> 49 -> 53 -> 5 -> 59 -> 26 -> 50 -> 14 -> 16 -> 56 -> 11 -> 9 -> 45 -> 46 -> 39 -> 30 -> 42 -> 41 -> 54 -> 51 -> 58 -> 23 -> 27 -> 12 -> 52 -> 32 -> 10 -> 20 -> 40 -> 25 -> 8 -> 33 -> 28 -> 2 -> 3 -> 35 -> 22 -> 18 -> 6 -> 31
3234.5
Job 18853 finished Thu Dec 10 21:38:27 EST 2015 time 849990 msec

*********************************************************************************************


Parallel

1 Worker

Result:
277 323,259 301,247 230,314 225,406 224,451 204,407 174,385 146,366 64,334 7,375 42,405 45,464 52,437 57,411 77,422 99,440 113,394 101,343 115,321 161,309 155,255 181,241 161,194 170,6 143,29 9,33 8,52 10,71 0,75 82,105 73,155 61,219 95,155 101,102 214,99 236,74 235,45 263,55 262,100 295,140 316,155 339,76 311,43 333,28 354,64 368,15 432,45 445,54 436,118 413,221 396,235 422,251 474,319 496,408 441,387 413,400 408,499 355,352 341,332 363
54 -> 41 -> 42 -> 51 -> 58 -> 22 -> 35 -> 3 -> 8 -> 25 -> 40 -> 20 -> 10 -> 32 -> 52 -> 27 -> 23 -> 12 -> 33 -> 2 -> 28 -> 30 -> 39 -> 46 -> 5 -> 59 -> 26 -> 50 -> 14 -> 16 -> 56 -> 11 -> 45 -> 9 -> 17 -> 48 -> 15 -> 53 -> 49 -> 4 -> 36 -> 21 -> 57 -> 44 -> 34 -> 29 -> 47 -> 19 -> 7 -> 38 -> 0 -> 24 -> 1 -> 55 -> 37 -> 13 -> 43 -> 18 -> 6 -> 31 -> 54
3271.4
Job 18866 finished Thu Dec 10 22:15:53 EST 2015 time 230227 msec

*********************************************************************************************

2 Workers

Result:
155 339,140 316,100 295,76 311,55 262,74 235,99 236,102 214,194 170,247 230,255 181,241 161,219 95,155 101,155 61,105 73,75 82,71 0,52 10,29 9,33 8,6 143,45 263,43 333,64 368,28 354,15 432,45 445,54 436,118 413,221 396,235 422,251 474,319 496,408 441,387 413,400 408,499 355,451 204,406 224,407 174,321 161,309 155,343 115,366 64,334 7,375 42,405 45,437 57,464 52,440 113,422 99,411 77,394 101,385 146,314 225,352 341,332 363,277 323,259 301
21 -> 36 -> 4 -> 57 -> 49 -> 15 -> 48 -> 17 -> 46 -> 42 -> 30 -> 39 -> 45 -> 9 -> 11 -> 56 -> 16 -> 14 -> 50 -> 59 -> 26 -> 5 -> 53 -> 44 -> 29 -> 34 -> 47 -> 19 -> 7 -> 38 -> 0 -> 24 -> 1 -> 55 -> 37 -> 13 -> 43 -> 18 -> 22 -> 58 -> 35 -> 2 -> 28 -> 33 -> 8 -> 25 -> 40 -> 20 -> 32 -> 10 -> 23 -> 27 -> 52 -> 12 -> 3 -> 51 -> 6 -> 31 -> 54 -> 41 -> 21
3340.9
Job 18868 finished Thu Dec 10 22:19:44 EST 2015 time 125026 msec

*********************************************************************************************

3 Workers

Result:
400 408,499 355,408 441,319 496,251 474,221 396,235 422,118 413,155 339,140 316,100 295,76 311,28 354,54 436,45 445,15 432,64 368,43 333,45 263,55 262,74 235,99 236,102 214,6 143,75 82,29 9,33 8,52 10,71 0,105 73,155 61,155 101,219 95,309 155,321 161,407 174,451 204,406 224,343 115,366 64,334 7,375 42,405 45,437 57,464 52,440 113,422 99,411 77,394 101,385 146,314 225,255 181,241 161,194 170,247 230,259 301,277 323,352 341,332 363,387 413
43 -> 18 -> 37 -> 55 -> 1 -> 0 -> 24 -> 38 -> 21 -> 36 -> 4 -> 57 -> 34 -> 7 -> 19 -> 47 -> 29 -> 44 -> 53 -> 49 -> 15 -> 48 -> 17 -> 5 -> 16 -> 59 -> 26 -> 50 -> 14 -> 56 -> 11 -> 9 -> 45 -> 28 -> 2 -> 35 -> 22 -> 58 -> 33 -> 8 -> 25 -> 40 -> 20 -> 32 -> 10 -> 23 -> 27 -> 52 -> 12 -> 3 -> 51 -> 30 -> 39 -> 46 -> 42 -> 41 -> 54 -> 6 -> 31 -> 13 -> 43
3404.5
Job 18883 finished Thu Dec 10 22:31:06 EST 2015 time 85230 msec

*********************************************************************************************

4 Workers

Result:
75 82,105 73,52 10,29 9,33 8,71 0,155 61,309 155,321 161,343 115,366 64,334 7,375 42,405 45,437 57,464 52,440 113,422 99,411 77,394 101,385 146,407 174,451 204,406 224,499 355,408 441,400 408,387 413,352 341,332 363,319 496,251 474,235 422,221 396,118 413,45 445,54 436,15 432,64 368,28 354,43 333,76 311,100 295,140 316,155 339,277 323,259 301,314 225,247 230,255 181,241 161,219 95,155 101,194 170,102 214,99 236,74 235,55 262,45 263,6 143
16 -> 56 -> 50 -> 59 -> 26 -> 14 -> 11 -> 28 -> 2 -> 33 -> 8 -> 25 -> 40 -> 20 -> 32 -> 10 -> 23 -> 27 -> 52 -> 12 -> 3 -> 35 -> 22 -> 58 -> 18 -> 37 -> 43 -> 13 -> 6 -> 31 -> 55 -> 1 -> 24 -> 0 -> 38 -> 19 -> 7 -> 47 -> 29 -> 34 -> 44 -> 57 -> 4 -> 36 -> 21 -> 54 -> 41 -> 51 -> 42 -> 30 -> 39 -> 45 -> 9 -> 46 -> 17 -> 48 -> 15 -> 49 -> 53 -> 5 -> 16
3386.6
Job 18870 finished Thu Dec 10 22:22:15 EST 2015 time 62835 msec
