

30 cities

Sequential

Result:
11 10,27 49,17 138,29 168,27 245,17 323,39 308,220 218,202 283,223 337,171 343,185 378,198 391,114 446,188 482,285 480,326 469,297 390,385 164,419 185,443 155,451 102,356 118,354 59,336 13,194 11,170 54,228 120,154 126,83 72
7 -> 19 -> 11 -> 3 -> 0 -> 9 -> 17 -> 13 -> 27 -> 28 -> 23 -> 15 -> 5 -> 21 -> 6 -> 4 -> 14 -> 2 -> 18 -> 24 -> 25 -> 8 -> 12 -> 22 -> 1 -> 16 -> 10 -> 20 -> 26 -> 29 -> 7
2305.5
Job 18811 finished Thu Dec 10 19:28:11 EST 2015 time 72474 msec

*********************************************************************************************


Parallel

1 Worker

Result:
27 49,11 10,83 72,154 126,170 54,194 11,336 13,354 59,451 102,443 155,419 185,385 164,356 118,228 120,220 218,202 283,223 337,297 390,326 469,285 480,188 482,114 446,198 391,185 378,171 343,39 308,17 323,27 245,29 168,17 138
19 -> 7 -> 29 -> 26 -> 10 -> 16 -> 1 -> 22 -> 8 -> 25 -> 24 -> 18 -> 12 -> 20 -> 13 -> 27 -> 28 -> 2 -> 14 -> 4 -> 6 -> 21 -> 5 -> 15 -> 23 -> 17 -> 9 -> 0 -> 3 -> 11 -> 19
2179.1
Job 18812 finished Thu Dec 10 19:34:17 EST 2015 time 83046 msec

*********************************************************************************************

2 Workers

Result:
198 391,297 390,326 469,285 480,188 482,114 446,17 323,39 308,27 245,29 168,17 138,27 49,11 10,83 72,154 126,170 54,194 11,336 13,354 59,451 102,443 155,419 185,385 164,356 118,228 120,220 218,202 283,223 337,171 343,185 378
5 -> 2 -> 14 -> 4 -> 6 -> 21 -> 9 -> 17 -> 0 -> 3 -> 11 -> 19 -> 7 -> 29 -> 26 -> 10 -> 16 -> 1 -> 22 -> 8 -> 25 -> 24 -> 18 -> 12 -> 20 -> 13 -> 27 -> 28 -> 23 -> 15 -> 5
2144.6
Job 18813 finished Thu Dec 10 19:34:40 EST 2015 time 82837 msec

*********************************************************************************************

3 Workers

Result:
83 72,11 10,27 49,17 138,29 168,27 245,39 308,17 323,114 446,188 482,285 480,326 469,297 390,198 391,185 378,171 343,223 337,202 283,220 218,228 120,356 118,385 164,419 185,443 155,451 102,354 59,336 13,194 11,170 54,154 126
29 -> 7 -> 19 -> 11 -> 3 -> 0 -> 17 -> 9 -> 21 -> 6 -> 4 -> 14 -> 2 -> 5 -> 15 -> 23 -> 28 -> 27 -> 13 -> 20 -> 12 -> 18 -> 24 -> 25 -> 8 -> 22 -> 1 -> 16 -> 10 -> 26 -> 29
2144.6
Job 18815 finished Thu Dec 10 19:35:53 EST 2015 time 87387 msec

*********************************************************************************************

4 Workers

Result:
11 10,27 49,17 138,29 168,27 245,39 308,17 323,114 446,188 482,285 480,326 469,297 390,198 391,185 378,171 343,223 337,202 283,220 218,228 120,356 118,385 164,419 185,443 155,451 102,354 59,336 13,194 11,170 54,154 126,83 72
7 -> 19 -> 11 -> 3 -> 0 -> 17 -> 9 -> 21 -> 6 -> 4 -> 14 -> 2 -> 5 -> 15 -> 23 -> 28 -> 27 -> 13 -> 20 -> 12 -> 18 -> 24 -> 25 -> 8 -> 22 -> 1 -> 16 -> 10 -> 26 -> 29 -> 7
2144.6
Job 18816 finished Thu Dec 10 19:37:38 EST 2015 time 85732 msec
