

40 cities

Sequential

Result:
142 285,144 330,205 292,208 293,326 306,390 305,369 389,449 432,379 470,254 457,233 433,229 433,81 459,38 497,38 439,98 393,70 352,41 305,83 270,148 173,159 180,207 101,243 112,252 161,247 167,302 194,382 185,497 171,496 9,419 41,398 34,348 27,184 18,171 41,118 47,91 98,106 130,77 191,95 218,146 240
19 -> 28 -> 17 -> 2 -> 32 -> 6 -> 21 -> 18 -> 25 -> 11 -> 3 -> 39 -> 22 -> 36 -> 23 -> 27 -> 33 -> 38 -> 30 -> 15 -> 37 -> 34 -> 16 -> 29 -> 1 -> 7 -> 14 -> 31 -> 5 -> 26 -> 8 -> 24 -> 9 -> 0 -> 10 -> 13 -> 4 -> 12 -> 35 -> 20 -> 19
2653.1
Job 18817 finished Thu Dec 10 19:45:13 EST 2015 time 166992 msec

*********************************************************************************************


Parallel

1 Worker

Result:
38 439,38 497,81 459,98 393,144 330,142 285,146 240,205 292,208 293,229 433,233 433,254 457,379 470,449 432,369 389,390 305,326 306,348 27,398 34,419 41,496 9,497 171,382 185,302 194,247 167,252 161,243 112,207 101,184 18,171 41,118 47,91 98,106 130,148 173,159 180,77 191,95 218,83 270,41 305,70 352
23 -> 36 -> 22 -> 27 -> 28 -> 19 -> 20 -> 17 -> 2 -> 39 -> 3 -> 11 -> 25 -> 18 -> 21 -> 6 -> 32 -> 24 -> 8 -> 26 -> 5 -> 31 -> 14 -> 7 -> 1 -> 29 -> 16 -> 34 -> 9 -> 0 -> 10 -> 13 -> 4 -> 15 -> 37 -> 12 -> 35 -> 30 -> 38 -> 33 -> 23
2711.8
Job 18818 finished Thu Dec 10 19:45:40 EST 2015 time 184490 msec

*********************************************************************************************

2 Workers

Result:
70 352,98 393,38 439,38 497,81 459,229 433,233 433,254 457,379 470,449 432,369 389,326 306,390 305,382 185,497 171,496 9,419 41,398 34,348 27,302 194,247 167,252 161,243 112,207 101,184 18,171 41,118 47,91 98,106 130,148 173,159 180,77 191,95 218,146 240,205 292,208 293,144 330,142 285,83 270,41 305
33 -> 27 -> 23 -> 36 -> 22 -> 39 -> 3 -> 11 -> 25 -> 18 -> 21 -> 32 -> 6 -> 14 -> 31 -> 5 -> 26 -> 8 -> 24 -> 7 -> 1 -> 29 -> 16 -> 34 -> 9 -> 0 -> 10 -> 13 -> 4 -> 15 -> 37 -> 12 -> 35 -> 20 -> 17 -> 2 -> 28 -> 19 -> 30 -> 38 -> 33
2638.7
Job 18819 finished Thu Dec 10 19:45:51 EST 2015 time 191089 msec

*********************************************************************************************

3 Workers

Result:
95 218,83 270,41 305,70 352,38 439,38 497,81 459,98 393,144 330,142 285,146 240,205 292,208 293,229 433,233 433,254 457,379 470,449 432,369 389,326 306,390 305,382 185,497 171,496 9,419 41,398 34,348 27,302 194,247 167,252 161,243 112,207 101,184 18,171 41,118 47,91 98,106 130,148 173,159 180,77 191
35 -> 30 -> 38 -> 33 -> 23 -> 36 -> 22 -> 27 -> 28 -> 19 -> 20 -> 17 -> 2 -> 39 -> 3 -> 11 -> 25 -> 18 -> 21 -> 32 -> 6 -> 14 -> 31 -> 5 -> 26 -> 8 -> 24 -> 7 -> 1 -> 29 -> 16 -> 34 -> 9 -> 0 -> 10 -> 13 -> 4 -> 15 -> 37 -> 12 -> 35
2651.8
Job 18820 finished Thu Dec 10 19:45:54 EST 2015 time 188837 msec

*********************************************************************************************

4 Workers

Job 18821 launched Thu Dec 10 19:46:46 EST 2015
Job 18821 started Thu Dec 10 19:46:47 EST 2015
Result:
302 194,348 27,398 34,419 41,496 9,497 171,382 185,390 305,326 306,369 389,449 432,379 470,254 457,233 433,229 433,81 459,38 497,38 439,98 393,70 352,41 305,83 270,142 285,144 330,208 293,205 292,146 240,95 218,77 191,159 180,148 173,106 130,91 98,118 47,171 41,184 18,207 101,243 112,252 161,247 167
7 -> 24 -> 8 -> 26 -> 5 -> 31 -> 14 -> 6 -> 32 -> 21 -> 18 -> 25 -> 11 -> 3 -> 39 -> 22 -> 36 -> 23 -> 27 -> 33 -> 38 -> 30 -> 19 -> 28 -> 2 -> 17 -> 20 -> 35 -> 12 -> 37 -> 15 -> 4 -> 13 -> 10 -> 0 -> 9 -> 34 -> 16 -> 29 -> 1 -> 7
2638.7
Job 18821 finished Thu Dec 10 19:49:57 EST 2015 time 190460 msec
