

50 cities

Sequential

Result:
159 139,202 182,258 186,268 262,252 282,295 285,300 252,326 269,343 268,359 302,431 163,437 80,352 22,186 9,8 33,12 89,21 182,107 203,106 259,87 262,84 270,92 303,194 326,189 335,113 353,5 432,12 451,85 438,96 437,149 483,200 444,211 406,260 376,273 414,245 486,253 484,306 496,323 477,379 465,415 370,443 336,445 315,462 325,496 358,492 274,489 268,450 249,375 114,319 66,290 100
14 -> 17 -> 3 -> 31 -> 5 -> 4 -> 39 -> 30 -> 41 -> 2 -> 7 -> 10 -> 43 -> 1 -> 20 -> 8 -> 13 -> 37 -> 40 -> 44 -> 32 -> 35 -> 46 -> 29 -> 42 -> 26 -> 38 -> 45 -> 6 -> 34 -> 12 -> 28 -> 36 -> 9 -> 24 -> 25 -> 11 -> 48 -> 23 -> 33 -> 21 -> 0 -> 47 -> 49 -> 15 -> 19 -> 18 -> 16 -> 22 -> 27 -> 14
3130.0
Job 18822 finished Thu Dec 10 19:53:17 EST 2015 time 308881 msec

*********************************************************************************************


Parallel

1 Worker

Result:
268 262,252 282,194 326,189 335,211 406,200 444,149 483,96 437,85 438,12 451,5 432,113 353,92 303,84 270,87 262,106 259,159 139,186 9,8 33,12 89,21 182,107 203,202 182,300 252,295 285,326 269,343 268,359 302,260 376,273 414,245 486,253 484,306 496,323 477,379 465,415 370,443 336,445 315,462 325,496 358,492 274,489 268,450 249,431 163,375 114,437 80,352 22,319 66,290 100,258 186
31 -> 5 -> 46 -> 29 -> 28 -> 12 -> 34 -> 6 -> 45 -> 38 -> 26 -> 42 -> 35 -> 32 -> 44 -> 40 -> 14 -> 1 -> 20 -> 8 -> 13 -> 37 -> 17 -> 39 -> 4 -> 30 -> 41 -> 2 -> 36 -> 9 -> 24 -> 25 -> 11 -> 48 -> 23 -> 33 -> 21 -> 0 -> 47 -> 49 -> 15 -> 19 -> 18 -> 7 -> 16 -> 10 -> 43 -> 22 -> 27 -> 3 -> 31
3093.1
Job 18825 finished Thu Dec 10 19:58:40 EST 2015 time 339265 msec

*********************************************************************************************

2 Workers

Result:
106 259,194 326,189 335,211 406,260 376,273 414,379 465,323 477,306 496,253 484,245 486,200 444,149 483,96 437,85 438,12 451,5 432,113 353,92 303,84 270,87 262,21 182,12 89,8 33,186 9,290 100,319 66,352 22,437 80,375 114,431 163,450 249,489 268,492 274,496 358,462 325,445 315,443 336,415 370,359 302,343 268,326 269,300 252,295 285,252 282,268 262,258 186,202 182,159 139,107 203
40 -> 46 -> 29 -> 28 -> 36 -> 9 -> 23 -> 48 -> 11 -> 25 -> 24 -> 12 -> 34 -> 6 -> 45 -> 38 -> 26 -> 42 -> 35 -> 32 -> 44 -> 13 -> 8 -> 20 -> 1 -> 27 -> 22 -> 43 -> 10 -> 16 -> 7 -> 18 -> 19 -> 15 -> 49 -> 47 -> 0 -> 21 -> 33 -> 2 -> 41 -> 30 -> 39 -> 4 -> 5 -> 31 -> 3 -> 17 -> 14 -> 37 -> 40
2969.0
Job 18823 finished Thu Dec 10 19:54:01 EST 2015 time 343578 msec

*********************************************************************************************

3 Workers

Result:
159 139,186 9,8 33,12 89,21 182,107 203,106 259,87 262,84 270,92 303,113 353,5 432,12 451,85 438,96 437,149 483,200 444,260 376,273 414,379 465,323 477,306 496,253 484,245 486,211 406,189 335,194 326,252 282,268 262,295 285,300 252,326 269,343 268,359 302,415 370,443 336,445 315,462 325,496 358,492 274,489 268,450 249,431 163,375 114,437 80,352 22,319 66,290 100,258 186,202 182
14 -> 1 -> 20 -> 8 -> 13 -> 37 -> 40 -> 44 -> 32 -> 35 -> 42 -> 26 -> 38 -> 45 -> 6 -> 34 -> 12 -> 36 -> 9 -> 23 -> 48 -> 11 -> 25 -> 24 -> 28 -> 29 -> 46 -> 5 -> 31 -> 4 -> 39 -> 30 -> 41 -> 2 -> 33 -> 21 -> 0 -> 47 -> 49 -> 15 -> 19 -> 18 -> 7 -> 16 -> 10 -> 43 -> 22 -> 27 -> 3 -> 17 -> 14
2913.4
Job 18824 finished Thu Dec 10 19:54:25 EST 2015 time 354592 msec

*********************************************************************************************

4 Workers

194 326,189 335,260 376,273 414,379 465,323 477,306 496,253 484,245 486,211 406,200 444,149 483,96 437,85 438,12 451,5 432,113 353,92 303,84 270,87 262,106 259,107 203,21 182,12 89,8 33,186 9,159 139,202 182,258 186,290 100,319 66,352 22,437 80,375 114,431 163,450 249,489 268,492 274,496 358,462 325,445 315,443 336,415 370,359 302,343 268,326 269,300 252,295 285,268 262,252 282
46 -> 29 -> 36 -> 9 -> 23 -> 48 -> 11 -> 25 -> 24 -> 28 -> 12 -> 34 -> 6 -> 45 -> 38 -> 26 -> 42 -> 35 -> 32 -> 44 -> 40 -> 37 -> 13 -> 8 -> 20 -> 1 -> 14 -> 17 -> 3 -> 27 -> 22 -> 43 -> 10 -> 16 -> 7 -> 18 -> 19 -> 15 -> 49 -> 47 -> 0 -> 21 -> 33 -> 2 -> 41 -> 30 -> 39 -> 4 -> 31 -> 5 -> 46
2870.0
Job 18826 finished Thu Dec 10 20:01:04 EST 2015 time 362396 msec
