

55 cities

Sequential

Result:
273 82,284 86,343 116,302 200,272 149,236 153,239 91,179 72,145 0,126 10,20 16,23 25,130 98,84 147,50 145,51 182,72 228,116 238,92 265,19 264,41 301,89 386,31 443,89 477,150 493,214 483,174 460,149 430,147 364,176 295,207 389,209 391,228 377,269 344,296 329,350 330,363 360,371 411,399 404,494 443,477 429,446 389,442 336,376 280,356 216,416 194,490 165,491 59,455 69,365 36,360 17,307 11,275 10,258 59,253 85
53 -> 28 -> 29 -> 50 -> 24 -> 20 -> 47 -> 18 -> 45 -> 54 -> 39 -> 44 -> 36 -> 49 -> 19 -> 15 -> 38 -> 27 -> 31 -> 10 -> 4 -> 17 -> 48 -> 8 -> 13 -> 22 -> 3 -> 35 -> 33 -> 42 -> 25 -> 37 -> 52 -> 43 -> 9 -> 12 -> 46 -> 14 -> 11 -> 2 -> 51 -> 0 -> 5 -> 23 -> 21 -> 7 -> 41 -> 34 -> 26 -> 6 -> 30 -> 40 -> 1 -> 16 -> 32 -> 53
3068.7
Job 18827 finished Thu Dec 10 20:09:38 EST 2015 time 399552 msec

*********************************************************************************************


Parallel

1 Worker

Result:
490 165,416 194,356 216,376 280,363 360,371 411,399 404,494 443,477 429,446 389,442 336,350 330,296 329,269 344,228 377,209 391,207 389,89 386,31 443,89 477,150 493,214 483,174 460,149 430,147 364,176 295,116 238,92 265,41 301,19 264,72 228,51 182,50 145,84 147,130 98,23 25,20 16,126 10,145 0,179 72,239 91,253 85,258 59,275 10,307 11,284 86,273 82,236 153,272 149,302 200,343 116,365 36,360 17,455 69,491 59
41 -> 7 -> 21 -> 23 -> 46 -> 14 -> 11 -> 2 -> 51 -> 0 -> 5 -> 12 -> 9 -> 43 -> 52 -> 37 -> 25 -> 17 -> 48 -> 8 -> 13 -> 22 -> 3 -> 35 -> 33 -> 42 -> 27 -> 31 -> 4 -> 10 -> 38 -> 15 -> 19 -> 49 -> 36 -> 44 -> 39 -> 54 -> 45 -> 18 -> 47 -> 32 -> 16 -> 1 -> 40 -> 28 -> 53 -> 20 -> 24 -> 50 -> 29 -> 6 -> 30 -> 26 -> 34 -> 41
3202.5
Job 18828 finished Thu Dec 10 20:10:33 EST 2015 time 448454 msec

*********************************************************************************************

2 Workers

Result:
20 16,23 25,130 98,84 147,50 145,51 182,72 228,19 264,41 301,92 265,116 238,176 295,147 364,89 386,31 443,89 477,150 493,214 483,174 460,149 430,207 389,209 391,228 377,269 344,296 329,350 330,363 360,371 411,399 404,494 443,477 429,446 389,442 336,376 280,356 216,302 200,272 149,236 153,239 91,258 59,275 10,307 11,360 17,365 36,455 69,491 59,490 165,416 194,343 116,284 86,273 82,253 85,179 72,145 0,126 10
39 -> 44 -> 36 -> 49 -> 19 -> 15 -> 38 -> 10 -> 4 -> 31 -> 27 -> 42 -> 33 -> 17 -> 48 -> 8 -> 13 -> 22 -> 3 -> 35 -> 25 -> 37 -> 52 -> 43 -> 9 -> 12 -> 46 -> 14 -> 11 -> 2 -> 51 -> 0 -> 5 -> 23 -> 21 -> 50 -> 24 -> 20 -> 47 -> 16 -> 1 -> 40 -> 30 -> 6 -> 26 -> 34 -> 41 -> 7 -> 29 -> 28 -> 53 -> 32 -> 18 -> 45 -> 54 -> 39
3058.9
Job 18829 finished Thu Dec 10 20:10:32 EST 2015 time 437950 msec


*********************************************************************************************

3 Workers

Result:
130 98,84 147,50 145,51 182,72 228,19 264,41 301,92 265,116 238,176 295,147 364,89 386,31 443,89 477,150 493,214 483,174 460,149 430,207 389,209 391,228 377,269 344,296 329,350 330,363 360,371 411,399 404,494 443,477 429,446 389,442 336,376 280,356 216,302 200,272 149,236 153,239 91,258 59,275 10,307 11,360 17,365 36,455 69,491 59,490 165,416 194,343 116,284 86,273 82,253 85,179 72,145 0,126 10,20 16,23 25
36 -> 49 -> 19 -> 15 -> 38 -> 10 -> 4 -> 31 -> 27 -> 42 -> 33 -> 17 -> 48 -> 8 -> 13 -> 22 -> 3 -> 35 -> 25 -> 37 -> 52 -> 43 -> 9 -> 12 -> 46 -> 14 -> 11 -> 2 -> 51 -> 0 -> 5 -> 23 -> 21 -> 50 -> 24 -> 20 -> 47 -> 16 -> 1 -> 40 -> 30 -> 6 -> 26 -> 34 -> 41 -> 7 -> 29 -> 28 -> 53 -> 32 -> 18 -> 45 -> 54 -> 39 -> 44 -> 36
3058.9
Job 18830 finished Thu Dec 10 20:10:49 EST 2015 time 446699 msec

*********************************************************************************************

4 Workers

Result:
272 149,236 153,239 91,179 72,145 0,126 10,20 16,23 25,130 98,84 147,50 145,51 182,72 228,19 264,41 301,92 265,116 238,176 295,147 364,89 386,31 443,89 477,150 493,214 483,174 460,149 430,207 389,209 391,228 377,269 344,296 329,350 330,363 360,371 411,399 404,494 443,477 429,446 389,442 336,376 280,356 216,416 194,490 165,491 59,455 69,365 36,360 17,307 11,275 10,258 59,253 85,273 82,284 86,343 116,302 200
24 -> 20 -> 47 -> 18 -> 45 -> 54 -> 39 -> 44 -> 36 -> 49 -> 19 -> 15 -> 38 -> 10 -> 4 -> 31 -> 27 -> 42 -> 33 -> 17 -> 48 -> 8 -> 13 -> 22 -> 3 -> 35 -> 25 -> 37 -> 52 -> 43 -> 9 -> 12 -> 46 -> 14 -> 11 -> 2 -> 51 -> 0 -> 5 -> 23 -> 21 -> 7 -> 41 -> 34 -> 26 -> 6 -> 30 -> 40 -> 1 -> 16 -> 32 -> 53 -> 28 -> 29 -> 50 -> 24
3030.2
Job 18831 finished Thu Dec 10 20:19:43 EST 2015 time 442938 msec
