

60 cities

Sequential

Result:
28 354,43 333,45 263,55 262,74 235,6 143,29 9,33 8,52 10,71 0,75 82,105 73,155 61,219 95,155 101,102 214,99 236,100 295,76 311,221 396,235 422,251 474,319 496,408 441,387 413,400 408,499 355,352 341,332 363,277 323,259 301,247 230,314 225,406 224,451 204,407 174,385 146,366 64,334 7,375 42,405 45,464 52,437 57,411 77,440 113,422 99,394 101,343 115,321 161,309 155,255 181,241 161,194 170,140 316,155 339,118 413,54 436,45 445,15 432,64 368
34 -> 44 -> 53 -> 49 -> 15 -> 5 -> 59 -> 26 -> 50 -> 14 -> 16 -> 56 -> 11 -> 45 -> 9 -> 17 -> 48 -> 4 -> 57 -> 0 -> 24 -> 1 -> 55 -> 37 -> 13 -> 43 -> 18 -> 6 -> 31 -> 54 -> 41 -> 42 -> 51 -> 58 -> 22 -> 35 -> 3 -> 8 -> 25 -> 40 -> 20 -> 10 -> 32 -> 52 -> 23 -> 27 -> 12 -> 33 -> 2 -> 28 -> 30 -> 39 -> 46 -> 36 -> 21 -> 38 -> 7 -> 19 -> 47 -> 29 -> 34
3401.3
Job 18832 finished Thu Dec 10 20:28:15 EST 2015 time 514438 msec

*********************************************************************************************


Parallel

1 Worker

Result:
309 155,321 161,343 115,366 64,334 7,375 42,405 45,437 57,464 52,440 113,422 99,411 77,394 101,385 146,407 174,406 224,451 204,499 355,352 341,221 396,235 422,251 474,319 496,408 441,400 408,387 413,332 363,277 323,259 301,314 225,247 230,255 181,241 161,194 170,102 214,99 236,55 262,45 263,76 311,43 333,28 354,64 368,15 432,45 445,54 436,118 413,155 339,140 316,100 295,74 235,6 143,29 9,33 8,52 10,71 0,75 82,105 73,155 61,155 101,219 95
28 -> 2 -> 33 -> 8 -> 25 -> 40 -> 20 -> 32 -> 10 -> 23 -> 27 -> 52 -> 12 -> 3 -> 35 -> 58 -> 22 -> 18 -> 6 -> 0 -> 24 -> 1 -> 55 -> 37 -> 43 -> 13 -> 31 -> 54 -> 41 -> 51 -> 42 -> 30 -> 39 -> 46 -> 17 -> 48 -> 49 -> 53 -> 57 -> 44 -> 34 -> 29 -> 47 -> 19 -> 7 -> 38 -> 21 -> 36 -> 4 -> 15 -> 5 -> 59 -> 26 -> 50 -> 14 -> 16 -> 56 -> 11 -> 9 -> 45 -> 28
3298.0
Job 18835 finished Thu Dec 10 20:30:27 EST 2015 time 562166 msec

*********************************************************************************************

2 Workers

Result:
221 396,277 323,259 301,140 316,155 339,118 413,54 436,45 445,15 432,64 368,28 354,43 333,76 311,100 295,99 236,102 214,74 235,55 262,45 263,6 143,29 9,33 8,52 10,71 0,75 82,105 73,155 61,155 101,219 95,194 170,241 161,255 181,247 230,314 225,321 161,309 155,343 115,394 101,440 113,422 99,411 77,437 57,464 52,405 45,375 42,334 7,366 64,385 146,407 174,406 224,451 204,499 355,352 341,332 363,387 413,400 408,408 441,319 496,251 474,235 422
0 -> 54 -> 41 -> 36 -> 21 -> 38 -> 7 -> 19 -> 47 -> 29 -> 34 -> 44 -> 57 -> 4 -> 48 -> 17 -> 15 -> 49 -> 53 -> 5 -> 59 -> 26 -> 50 -> 14 -> 16 -> 56 -> 11 -> 9 -> 45 -> 46 -> 39 -> 30 -> 42 -> 51 -> 2 -> 28 -> 33 -> 12 -> 23 -> 27 -> 52 -> 32 -> 10 -> 20 -> 40 -> 25 -> 8 -> 3 -> 35 -> 58 -> 22 -> 18 -> 6 -> 31 -> 13 -> 43 -> 37 -> 55 -> 1 -> 24 -> 0
3165.3
Job 18833 finished Thu Dec 10 20:29:11 EST 2015 time 559191 msec

*********************************************************************************************

3 Workers

Result:
385 146,309 155,255 181,241 161,194 170,219 95,155 101,155 61,105 73,75 82,71 0,52 10,33 8,29 9,6 143,102 214,99 236,74 235,45 263,55 262,100 295,76 311,43 333,28 354,64 368,15 432,45 445,54 436,118 413,140 316,155 339,221 396,235 422,251 474,319 496,408 441,387 413,400 408,499 355,352 341,332 363,277 323,259 301,247 230,314 225,321 161,343 115,366 64,334 7,375 42,405 45,464 52,437 57,411 77,394 101,422 99,440 113,451 204,406 224,407 174
3 -> 28 -> 30 -> 39 -> 46 -> 45 -> 9 -> 11 -> 56 -> 16 -> 14 -> 50 -> 26 -> 59 -> 5 -> 17 -> 48 -> 15 -> 53 -> 49 -> 4 -> 57 -> 44 -> 34 -> 29 -> 47 -> 19 -> 7 -> 38 -> 36 -> 21 -> 0 -> 24 -> 1 -> 55 -> 37 -> 13 -> 43 -> 18 -> 6 -> 31 -> 54 -> 41 -> 42 -> 51 -> 2 -> 33 -> 8 -> 25 -> 40 -> 20 -> 10 -> 32 -> 52 -> 12 -> 27 -> 23 -> 22 -> 58 -> 35 -> 3
3133.0
Job 18834 finished Thu Dec 10 20:29:40 EST 2015 time 562591 msec

*********************************************************************************************

4 Workers

Result:
33 8,52 10,71 0,75 82,105 73,155 61,155 101,219 95,194 170,241 161,255 181,309 155,321 161,343 115,394 101,411 77,422 99,440 113,464 52,437 57,405 45,375 42,334 7,366 64,385 146,407 174,451 204,406 224,314 225,247 230,259 301,277 323,332 363,352 341,499 355,400 408,387 413,408 441,319 496,251 474,235 422,221 396,155 339,140 316,118 413,54 436,45 445,15 432,64 368,28 354,43 333,76 311,100 295,55 262,45 263,74 235,99 236,102 214,6 143,29 9
26 -> 50 -> 14 -> 16 -> 56 -> 11 -> 9 -> 45 -> 46 -> 39 -> 30 -> 28 -> 2 -> 33 -> 12 -> 52 -> 27 -> 23 -> 10 -> 32 -> 20 -> 40 -> 25 -> 8 -> 3 -> 35 -> 22 -> 58 -> 51 -> 42 -> 41 -> 54 -> 31 -> 6 -> 18 -> 43 -> 13 -> 37 -> 55 -> 1 -> 24 -> 0 -> 21 -> 36 -> 38 -> 7 -> 19 -> 47 -> 29 -> 34 -> 44 -> 57 -> 4 -> 49 -> 53 -> 15 -> 48 -> 17 -> 5 -> 59 -> 26
3094.2
Job 18836 finished Thu Dec 10 20:42:55 EST 2015 time 595066 msec
